Starting Dynare (version 4.5.6).
Starting preprocessing of the model file ...
Substitution of endo lags >= 2: added 6 auxiliary variables and equations.
Found 87 equation(s).
Evaluating expressions...done
Computing static model derivatives:
 - order 1
Computing dynamic model derivatives:
 - order 1
Processing outputs ...
done
Preprocessing completed.

STEADY-STATE RESULTS:

YRh               		 -1.38471
YRf               		 -1.38471
Ch                		 -1.32562
Cf                		 -1.32562
Lh                		 -1.38629
Lf                		 -1.38629
Lph               		 -1.41846
Lpf               		 -1.41846
q                 		 -1.86657e-17
TOT               		 -2.15106e-16
EXIMR             		 -8.88178e-16
NXY               		 -9.14257e-17
Nh                		 -1.60944
Nf                		 -1.60944
beth              		 -0.0100503
betf              		 -0.0100503
Wh                		 -0.194845
Wf                		 -0.194845
EV0h              		 -4.70849
EV0f              		 -4.70849
EV1h              		 -3.56362
EV1f              		 -3.56362
eta0h             		 0.374656
eta0f             		 0.374656
eta1h             		 -0.293995
eta1f             		 -0.293995
Ph                		 0.0590869
Pfs               		 0.0590869
Phs               		 0.572017
Pf                		 0.572017
PsiXh             		 -1.43754
PsiXf             		 -1.43754
V                 		 -0.0100503
B                 		 -2.06392e-15
YNh               		 -1.32562
YNf               		 -1.32562
EXN               		 -3.62821
IMN               		 -3.62821
Px                		 0.0355385
Pm                		 0.0355385
EXR               		 -3.66374
IMR               		 -3.66374
n0h               		 -5.07517
n0f               		 -5.07517
n1h               		 -3.68888
n1f               		 -3.68888
xih               		 0
xif               		 0
Zh                		 0
Zf                		 0
thh               		 1.38629
thf               		 1.38629
TOTa              		 -2.15106e-16
tshare            		 0.2
NXYR              		 -8.31348e-17
WEDGEDD           		 -1.55141e-17
WEDGEYY           		 -2.37559e-16
MD                		 -2.27904
xic               		 0
xid               		 0
YSY               		 0
totq              		 -2.33771e-16
ipdetrend         		 -2.98467e-08
DSD_ADV           		 -2.22045e-16
Zc                		 0
Zd                		 0
By                		 -7.76966e-15
EXIMN             		 -8.88178e-16
mtotq             		 -0.109452
xia               		 0
XMY               		 -1.58589
mDSD_ADV          		 -0.332561
mysy              		 -0.332561
mtot              		 -2.15106e-16
dEXIMN            		 0
dEXIMR            		 0
dq                		 0
dtot              		 0
dtotq             		 0
d4EXIMN           		 0
d4EXIMR           		 0

MODEL SUMMARY

  Number of variables:         87
  Number of stochastic shocks: 6
  Number of state variables:   21
  Number of jumpers:           9
  Number of static variables:  58


MATRIX OF COVARIANCE OF EXOGENOUS SHOCKS
Variables         ezc       ezd      exic      exid       ebf      etot
ezc          1.000000  0.000000  0.000000  0.000000  0.000000  0.000000
ezd          0.000000  1.000000  0.000000  0.000000  0.000000  0.000000
exic         0.000000  0.000000  1.000000  0.000000  0.000000  0.000000
exid         0.000000  0.000000  0.000000  1.000000  0.000000  0.000000
ebf          0.000000  0.000000  0.000000  0.000000  1.000000  0.000000
etot         0.000000  0.000000  0.000000  0.000000  0.000000  1.000000

POLICY AND TRANSITION FUNCTIONS
                               EXIMN           EXIMR             YSY               q             TOT        mDSD_ADV          dEXIMN          dEXIMR              dq            dtot           dtotq         d4EXIMN         d4EXIMR
Constant                           0               0               0               0               0       -0.332561               0               0               0               0               0               0               0
TOT(-1)                            0               0               0               0               0               0               0               0               0       -1.000000               0               0               0
EXIMR(-1)                          0               0               0               0               0               0               0       -1.000000               0               0               0               0               0
Nh(-1)                      0.103484        0.050995       -0.012961       -0.098565       -0.052490        0.019134        0.103484        0.050995       -0.098565       -0.052490       -0.151055        0.103484        0.050995
Nf(-1)                     -0.103484       -0.050995        0.012961        0.098565        0.052490       -0.019134       -0.103484       -0.050995        0.098565        0.052490        0.151055       -0.103484       -0.050995
beth(-1)                   17.219870       19.569283       -2.504460        3.540796        2.349413        1.686776       17.219870       19.569283        3.540796        2.349413        5.890208       17.219870       19.569283
betf(-1)                  -17.219870      -19.569283        2.504460       -3.540796       -2.349413       -1.686776      -17.219870      -19.569283       -3.540796       -2.349413       -5.890208      -17.219870      -19.569283
B(-1)                      -0.538366       -0.605032        0.078007       -0.106581       -0.066666       -0.053254       -0.538366       -0.605032       -0.106581       -0.066666       -0.173247       -0.538366       -0.605032
xid(-1)                     0.245695        0.041218       -0.037011       -0.633051       -0.204477        0.062962        0.245695        0.041218       -0.633051       -0.204477       -0.837528        0.245695        0.041218
totq(-1)                           0               0               0               0               0               0               0               0               0               0       -1.000000               0               0
Zd(-1)                     -1.460842       -1.437824       -0.788921        0.125805        0.023018       -1.110744       -1.460842       -1.437824        0.125805        0.023018        0.148823       -1.460842       -1.437824
EXIMN(-1)                          0               0               0               0               0               0       -1.000000               0               0               0               0               0               0
xia(-1)                     0.605909        0.454850       -0.089010       -0.529597       -0.151059        0.096890        0.605909        0.454850       -0.529597       -0.151059       -0.680656        0.605909        0.454850
EXIMN(-4)                          0               0               0               0               0               0               0               0               0               0               0       -1.000000               0
EXIMR(-4)                          0               0               0               0               0               0               0               0               0               0               0               0       -1.000000
q(-1)                              0               0               0               0               0               0               0               0       -1.000000               0               0               0               0
ezd                        -0.016016       -0.015764       -0.008649        0.001379        0.000252       -0.012178       -0.016016       -0.015764        0.001379        0.000252        0.001632       -0.016016       -0.015764
exid                        0.009570        0.001605       -0.001442       -0.024658       -0.007965        0.002452        0.009570        0.001605       -0.024658       -0.007965       -0.032622        0.009570        0.001605
ebf                        -0.020578       -0.023385        0.002993       -0.004231       -0.002808       -0.002016       -0.020578       -0.023385       -0.004231       -0.002808       -0.007039       -0.020578       -0.023385
etot                               0       -0.021674               0               0       -0.021674               0               0       -0.021674               0       -0.021674       -0.021674               0       -0.021674


THEORETICAL MOMENTS
VARIABLE         MEAN  STD. DEV.   VARIANCE
EXIMN         -0.0000     0.4622     0.2136
EXIMR         -0.0000     0.6303     0.3973
YSY            0.0000     0.1579     0.0249
q             -0.0000     0.7950     0.6321
TOT           -0.0000     0.2278     0.0519
mDSD_ADV      -0.3326     0.1099     0.0121
dEXIMN         0.0000     0.0285     0.0008
dEXIMR         0.0000     0.0421     0.0018
dq             0.0000     0.0253     0.0006
dtot           0.0000     0.0319     0.0010
dtotq          0.0000     0.0457     0.0021
d4EXIMN        0.0000     0.0590     0.0035
d4EXIMR        0.0000     0.0668     0.0045



VARIANCE DECOMPOSITION (in percent)
               ezc     ezd    exic    exid     ebf    etot
EXIMN         0.00   64.30    0.00   33.01    2.69    0.00
EXIMR         0.00   39.61    0.00   58.65    1.62    0.12
YSY           0.00   95.55    0.00    3.98    0.47    0.00
q             0.00    0.54    0.00   99.45    0.01    0.00
TOT           0.00    2.10    0.00   96.95    0.05    0.91
mDSD_ADV      0.00   97.37    0.00    2.08    0.56    0.00
dEXIMN        0.00   33.03    0.00   12.50   54.47    0.00
dEXIMR        0.00   14.61    0.00    0.31   32.16   52.92
dq            0.00    0.50    0.00   96.13    3.37    0.00
dtot          0.00    0.04    0.00    6.48    0.89   92.58
dtotq         0.00    0.27    0.00   51.91    2.81   45.01
d4EXIMN       0.00   39.31    0.00    6.85   53.85    0.00
d4EXIMR       0.00   28.22    0.00    0.46   50.27   21.05



MATRIX OF CORRELATIONS
Variables       EXIMN     EXIMR       YSY         q       TOT  mDSD_ADV    dEXIMN    dEXIMR        dq      dtot     dtotq   d4EXIMN   d4EXIMR
EXIMN          1.0000    0.9594   -0.6658    0.5780    0.6258   -0.1074    0.0308    0.0153   -0.0302   -0.0074   -0.0219    0.0639    0.0450
EXIMR          0.9594    1.0000   -0.6044    0.7826    0.8203   -0.1533    0.0272    0.0334   -0.0149    0.0198    0.0056    0.0540    0.0530
YSY           -0.6658   -0.6044    1.0000   -0.2536   -0.3215    0.7691   -0.0303   -0.0204    0.0056    0.0002    0.0032   -0.0598   -0.0535
q              0.5780    0.7826   -0.2536    1.0000    0.9926   -0.1671    0.0077    0.0082    0.0159    0.0040    0.0116    0.0122    0.0167
TOT            0.6258    0.8203   -0.3215    0.9926    1.0000   -0.2063    0.0128    0.0615    0.0201    0.0699    0.0599    0.0198    0.0552
mDSD_ADV      -0.1074   -0.1533    0.7691   -0.1671   -0.2063    1.0000   -0.0122   -0.0152   -0.0305   -0.0092   -0.0233   -0.0198   -0.0327
dEXIMN         0.0308    0.0272   -0.0303    0.0077    0.0128   -0.0122    1.0000    0.6548   -0.2479   -0.0287   -0.1573    0.5112    0.4566
dEXIMR         0.0153    0.0334   -0.0204    0.0082    0.0615   -0.0152    0.6548    1.0000    0.0346    0.7367    0.5328    0.3242    0.4766
dq            -0.0302   -0.0149    0.0056    0.0159    0.0201   -0.0305   -0.2479    0.0346    1.0000    0.2675    0.7407   -0.1545   -0.0301
dtot          -0.0074    0.0198    0.0002    0.0040    0.0699   -0.0092   -0.0287    0.7367    0.2675    1.0000    0.8455   -0.0286    0.2218
dtotq         -0.0219    0.0056    0.0032    0.0116    0.0599   -0.0233   -0.1573    0.5328    0.7407    0.8455    1.0000   -0.1056    0.1380
d4EXIMN        0.0639    0.0540   -0.0598    0.0122    0.0198   -0.0198    0.5112    0.3242   -0.1545   -0.0286   -0.1056    1.0000    0.8620
d4EXIMR        0.0450    0.0530   -0.0535    0.0167    0.0552   -0.0327    0.4566    0.4766   -0.0301    0.2218    0.1380    0.8620    1.0000



COEFFICIENTS OF AUTOCORRELATION
Order            1       2       3       4       5
EXIMN       0.9981  0.9961  0.9940  0.9918  0.9897
EXIMR       0.9978  0.9967  0.9955  0.9944  0.9932
YSY         0.9983  0.9966  0.9950  0.9934  0.9918
q           0.9995  0.9991  0.9987  0.9984  0.9980
TOT         0.9902  0.9897  0.9893  0.9889  0.9886
mDSD_ADV    0.9934  0.9866  0.9797  0.9728  0.9659
dEXIMN      0.0344  0.0167  0.0075  0.0027  0.0002
dEXIMR     -0.2521  0.0057  0.0022  0.0004 -0.0005
dq         -0.0910 -0.0479 -0.0252 -0.0133 -0.0071
dtot       -0.4733 -0.0055 -0.0029 -0.0015 -0.0008
dtotq      -0.2824 -0.0302 -0.0159 -0.0084 -0.0045
d4EXIMN     0.7674  0.5206  0.2697  0.0229  0.0076
d4EXIMR     0.6025  0.4062  0.2073 -0.0941  0.0014
Total computing time : 0h00m01s
